( -7.7707, -3.28098, 3.13869 ) = 9
( -0.217115, -0.128419, -1.98403 ) = 2
( -4.27289, 3.27321, 2.65114 ) = 6
( -0.355582, -0.688306, 0.632294 ) = 1
( -5.63756, -0.480589, -1.99673 ) = 6
( 5.05344, 3.26985, -5.2698 ) = 8
( -0.363197, -0.622122, 9.97402 ) = 10
( 0.171991, 0.159656, 7.99656 ) = 8
( 0.995778, -0.960376, -6.86193 ) = 7
( 3.00247, 2.23267, -4.69045 ) = 6
( -0.47432, -0.780002, -2.85773 ) = 3
( -6.45, -2.41593, -8.57676 ) = 11
( -0.202197, 0.589286, -4.96103 ) = 5
( -4.22273, 4.17144, -0.876148 ) = 6
( -1.31146, 0.660787, -5.81751 ) = 6
( -0.967625, 0.235004, 0.0920553 ) = 1
( -1.48062, -5.70721, 1.11155 ) = 6
( -0.00383646, 7.72602e-05, 2 ) = 2
( -5.43298, 4.35615, -0.711849 ) = 7
( 0.558279, -0.877951, 6.92225 ) = 7
( -5.99611, -3.94538, -3.5328 ) = 8
( -2.92594, -0.16175, 5.23571 ) = 6
( 0.752225, -5.19265, -8.51296 ) = 10
( -5.69137, 9.27296, -1.61879 ) = 11
( -1.93627, -6.72123, -0.275436 ) = 7
( 1.81898, -0.491963, 5.69643 ) = 6
( -3.17204, -2.5669, -5.68764 ) = 7
( 0.416392, 4.40721, -5.42246 ) = 7
( -1.04917, 1.24672, 1.15971 ) = 2
( 5.89882, -2.99845, 2.28326 ) = 7
( -4.98988, 0.314261, 0.0486534 ) = 5
( -2.03505, -3.64625, -2.75016 ) = 5
( -3.50333, -1.47801, -1.24183 ) = 4
( -1.68337, -2.24192, 8.5522 ) = 9
( -6.97315, 4.73141, -3.16052 ) = 9
( -3.44841, 1.71476, 8.13438 ) = 9
( -1.67267, -3.74761, 2.85615 ) = 5
( -0.643813, 1.3315, -2.6101 ) = 3
( -0.399289, -0.820161, 0.409761 ) = 1
( -0.123996, -0.183824, -8.99727 ) = 9
( -5.70418, 3.84567, -1.29352 ) = 7
( 1.23815, 2.73035, 0.110279 ) = 3
( -4.13916, 0.647712, 4.29509 ) = 6
( 0.887735, -1.50797, 7.80628 ) = 8
( -0.464939, -0.763915, -1.78893 ) = 2
( -4.50297, 1.48381, 8.80463 ) = 10
( -0.100241, 0.145548, -0.98426 ) = 1
( 0.522546, -0.748695, -0.407924 ) = 1
( 0.117135, -0.846297, 7.95425 ) = 8
( 0.0556924, 0.818592, -1.82395 ) = 2
( -0.601072, 8.44064, 5.32863 ) = 10
( 4.45635, 0.0252047, 5.39818 ) = 7
( -4.40186, 0.148619, -8.97784 ) = 10
( -5.5245, -1.10167, 2.06548 ) = 6
( 2.33884, 2.39111, -2.19372 ) = 4
( 1.91427, -2.92789, 3.57254 ) = 5
( -0.238374, -5.51527, -2.35053 ) = 6
( -0.770048, 3.33838, -2.06452 ) = 4
( 0.914365, 8.57092, 5.06985 ) = 10
( 0.808014, 0.588904, -0.0174976 ) = 1
( 0.062553, 0.0800955, 9.99948 ) = 10
( -2.48906, 6.74849, 5.40948 ) = 9
( -0.981229, -0.871711, -3.77853 ) = 4
( 1.27748, 1.10886, -5.7566 ) = 6
